100 500
30 5 10 6
0 0 100
0 0 70
15 15 10
109.85 -107.47 70.74
124.90 -117.88 65.25
125.63 -106.80 66.92
-11.07 189.88 33.93
-27.42 186.37 40.18
-16.36 183.67 42.71
-53.35 73.08 49.98
-51.77 81.47 35.39
-55.55 65.90 47.23
-79.13 -88.69 45.95
-91.92 -83.01 48.86
-79.93 -85.55 47.65
124.33 135.06 74.87
118.05 121.01 82.00
110.23 127.25 67.02
148.21 199.35 44.28
159.35 201.49 42.57
147.06 189.35 51.34
33.62 77.09 65.65
31.26 78.97 64.26
31.46 73.22 65.22
-194.61 87.96 46.04
-186.14 83.20 41.21
-192.84 83.36 37.81
122.66 187.26 87.62
134.93 196.04 87.88
125.17 191.23 102.95
199.60 -47.87 88.16
192.35 -48.29 88.15
200.38 -49.96 92.23
26.78 180.75 18.63
-52.20 159.15 -184.91
-92.75 -52.57 24.30
9.10 48.71 105.09
-123.17 127.19 181.66
22.61 181.68 -49.01
-190.24 -185.69 -73.36
-197.27 13.60 168.42
-133.81 -40.92 54.96
-153.42 158.31 -37.17
